SURVEY: SDSS
PHOTOMETRY_VERSION: SDSS_allCandidates+BOSS
FILTERS: ugrizUGRIZ


SNID: 13689
IAUC: UNKNOWN
FAKE: 0
RA: 4.016017
DECL: 0.807471
PIXSIZE: 0.4
SNTYPE: 120
MWEBV: 0.0258
MWEBV_ERR: 0.0043
REDSHIFT_HELIO: 0.251768
REDSHIFT_HELIO_ERR: 1.2e-05
REDSHIFT_FINAL: 0.250289
REDSHIFT_FINAL_ERR: 1.2e-05
HOSTGAL_OBJID: 1237657191980728576
HOSTGAL_PHOTOZ: 0.1869
HOSTGAL_PHOTOZ_ERR: -9.0
HOSTGAL_SNSEP: 4.29
PEAKMJD: 54000.2
SEARCH_TYPE: 120


# ============================================ 
# TERSE LIGHT CURVE OUTPUT: 
#
NOBS:  108
NVAR:  17
VARLIST: MJD    FLT    FIELD    FLUXCAL    FLUXCALERR    ZEROPT    ZEROPT_ERR    RDNOISE    PHOTFLAG    MAG    MAGERR    PSF_SIG1    PSF_SIG2    PSF_RATIO    SKY_SIG    GAIN    TELESCOPE    
OBS: 53974.3203125    r    82N    10.45    19.435    28.162    9.772    4.252    32    24.343    0.746    0.993    2.395    0.07    4.9    4.725    SDSS    
OBS: 53974.3203125    i    82N    -6.91    32.079    27.887    9.772    12.992    0    24.569    0.858    1.008    2.577    0.053    6.56    4.64    SDSS    
OBS: 53974.3203125    z    82N    -119.03    100.774    26.15    9.772    4.698    0    23.626    0.552    1.139    3.096    0.032    6.49    3.48    SDSS    
OBS: 53974.3203125    u    82N    21.1    39.785    26.968    9.772    4.483    160    23.879    1.057    1.139    2.396    0.091    4.62    1.47    SDSS    
OBS: 53989.3242188    g    82N    320.37    38.512    28.46    0.007    4.253    1    21.235    0.13    1.137    2.43    0.113    15.87    4.05    SDSS    
OBS: 53989.3242188    r    82N    288.17    41.422    28.255    0.005    4.252    129    21.349    0.155    1.245    3.193    0.042    12.85    4.725    SDSS    
OBS: 53989.3242188    i    82N    276.29    46.404    27.906    0.002    12.992    129    21.392    0.18    1.027    2.591    0.063    10.98    4.64    SDSS    
OBS: 53989.3242188    z    82N    99.68    119.207    26.574    0.018    4.698    0    22.142    0.68    1.104    2.82    0.056    7.99    3.48    SDSS    
OBS: 53989.3242188    u    82N    -32.1    115.523    27.91    0.2    4.483    1153    25.7    1.871    1.282    3.094    0.056    14.81    1.47    SDSS    
OBS: 53997.421875    g    82N    481.11    31.062    28.442    0.006    4.253    1176    20.794    0.07    1.653    3.509    0.109    4.24    4.05    SDSS    
OBS: 53997.421875    r    82N    476.13    32.518    28.255    0.003    4.252    1176    20.805    0.074    1.409    3.335    0.05    5.33    4.725    SDSS    
OBS: 53997.421875    i    82N    360.51    39.789    27.925    0.003    12.992    0    21.105    0.119    1.539    3.551    0.074    6.67    4.64    SDSS    
OBS: 53997.421875    z    82N    184.02    112.878    26.849    0.083    4.698    1176    21.694    0.501    1.388    3.519    0.056    6.52    3.48    SDSS    
OBS: 53997.421875    u    82N    63.04    63.695    27.531    0.0    4.483    168    22.951    0.897    1.776    3.39    0.197    4.55    1.47    SDSS    
OBS: 54000.3007812    g    82N    467.99    18.121    28.489    0.003    4.253    0    20.824    0.042    1.747    3.483    0.11    4.21    4.05    SDSS    
OBS: 54000.3007812    r    82N    493.56    26.41    28.271    0.004    4.252    0    20.766    0.058    1.522    3.396    0.07    5.4    4.725    SDSS    
OBS: 54000.3007812    i    82N    413.03    40.924    27.921    0.003    12.992    0    20.958    0.107    1.509    3.464    0.063    7.12    4.64    SDSS    
OBS: 54000.3007812    z    82N    89.17    134.079    26.614    0.017    4.698    0    22.207    0.775    1.534    3.345    0.071    7.13    3.48    SDSS    
OBS: 54000.3007812    u    82N    63.36    51.032    27.542    0.002    4.483    0    22.946    0.741    1.702    3.377    0.106    4.85    1.47    SDSS    
OBS: 54006.25    g    82N    406.43    26.998    28.112    0.036    4.253    152    20.977    0.072    1.631    3.318    0.097    4.43    4.05    SDSS    
OBS: 54006.25    r    82N    394.09    42.263    27.999    0.008    4.252    1176    21.01    0.116    1.784    3.652    0.154    5.51    4.725    SDSS    
OBS: 54006.25    i    82N    544.91    71.626    27.465    0.047    12.992    1164    20.658    0.142    1.583    3.641    0.092    7.57    4.64    SDSS    
OBS: 54006.25    z    82N    911.09    2031.07    24.918    0.064    4.698    1180    20.094    1.661    1.486    3.615    0.048    7.34    3.48    SDSS    
OBS: 54007.3515625    g    82N    333.95    16.949    28.429    0.003    4.253    0    21.19    0.055    1.367    2.987    0.066    4.32    4.05    SDSS    
OBS: 54007.3515625    r    82N    392.64    24.29    28.228    0.005    4.252    0    21.014    0.067    1.137    2.666    0.051    5.51    4.725    SDSS    
OBS: 54007.3515625    i    82N    423.07    36.022    27.891    0.004    12.992    0    20.932    0.092    1.059    2.573    0.059    7.14    4.64    SDSS    
OBS: 54007.3515625    z    82N    274.55    103.202    26.6    0.028    4.698    0    21.332    0.353    0.974    2.526    0.057    7.43    3.48    SDSS    
OBS: 54007.3515625    u    82N    104.12    41.372    27.804    0.012    4.483    128    22.437    0.407    1.145    2.32    0.114    5.26    1.47    SDSS    
OBS: 54009.2734375    g    82N    337.36    18.056    28.495    0.004    4.253    0    21.179    0.058    1.513    3.336    0.08    4.56    4.05    SDSS    
OBS: 54009.2734375    r    82N    404.41    25.763    28.275    0.005    4.252    0    20.982    0.069    1.402    3.523    0.04    5.48    4.725    SDSS    
OBS: 54009.2734375    i    82N    357.52    37.798    27.939    0.003    12.992    0    21.114    0.114    1.368    3.537    0.04    6.75    4.64    SDSS    
OBS: 54009.2734375    z    82N    212.25    125.005    26.64    0.054    4.698    0    21.57    0.506    1.466    3.583    0.054    6.52    3.48    SDSS    
OBS: 54009.2734375    u    82N    26.73    50.094    27.619    0.121    4.483    160    23.713    1.167    1.591    3.779    0.066    5.44    1.47    SDSS    
OBS: 54011.3398438    g    82N    284.42    24.968    28.463    0.006    4.253    1    21.364    0.095    1.003    2.266    0.1    10.61    4.05    SDSS    
OBS: 54011.3398438    r    82N    341.87    30.025    28.255    0.002    4.252    1    21.164    0.095    1.119    2.805    0.039    9.53    4.725    SDSS    
OBS: 54011.3398438    i    82N    387.85    41.696    27.911    0.003    12.992    0    21.026    0.116    1.092    2.926    0.036    9.46    4.64    SDSS    
OBS: 54011.3398438    z    82N    106.49    103.449    26.588    0.006    4.698    0    22.101    0.587    0.913    2.48    0.049    7.85    3.48    SDSS    
OBS: 54011.3398438    u    82N    47.72    62.399    27.795    0.038    4.483    1    23.22    1.052    1.109    2.389    0.091    8.87    1.47    SDSS    
OBS: 54019.2890625    g    82N    153.64    27.933    28.424    0.009    4.253    1177    22.03    0.195    1.034    2.17    0.12    22.31    4.05    SDSS    
OBS: 54019.2890625    r    82N    247.39    27.527    28.269    0.002    4.252    137    21.514    0.12    1.161    2.943    0.04    8.5    4.725    SDSS    
OBS: 54019.2890625    i    82N    211.09    37.265    27.913    0.004    12.992    8    21.681    0.188    1.015    2.607    0.049    8.59    4.64    SDSS    
OBS: 54019.2890625    z    82N    183.37    107.605    26.663    0.016    4.698    0    21.697    0.48    1.085    2.699    0.06    7.45    3.48    SDSS    
OBS: 54019.2890625    u    82N    -8.54    56.386    27.669    0.009    4.483    129    24.961    1.531    1.124    2.373    0.107    10.42    1.47    SDSS    
OBS: 54021.34375    g    82N    124.55    18.964    28.321    9.772    4.253    1177    22.256    0.163    0.961    2.118    0.095    7.58    4.05    SDSS    
OBS: 54021.34375    r    82N    239.95    23.804    28.152    9.772    4.252    1176    21.547    0.107    1.086    2.572    0.04    7.06    4.725    SDSS    
OBS: 54021.34375    i    82N    248.51    34.568    27.881    9.772    12.992    0    21.506    0.149    0.958    2.466    0.042    7.54    4.64    SDSS    
OBS: 54021.34375    z    82N    137.39    89.36    26.145    9.772    4.698    1176    21.926    0.466    0.863    2.498    0.038    7.08    3.48    SDSS    
OBS: 54021.34375    u    82N    19.76    51.223    26.907    9.772    4.483    41    23.921    1.294    1.033    2.201    0.085    7.99    1.47    SDSS    
OBS: 54025.3398438    g    82N    80.21    17.7    28.315    9.772    4.253    0    22.726    0.232    1.703    3.284    0.128    4.32    4.05    SDSS    
OBS: 54025.3398438    r    82N    192.63    27.626    28.149    9.772    4.252    0    21.784    0.154    1.578    3.165    0.097    6.07    4.725    SDSS    
OBS: 54025.3398438    i    82N    174.03    46.679    27.879    9.772    12.992    0    21.887    0.282    1.597    3.467    0.082    7.89    4.64    SDSS    
OBS: 54025.3398438    z    82N    167.52    143.915    26.144    9.772    4.698    0    21.772    0.658    1.483    3.452    0.069    8.05    3.48    SDSS    
OBS: 54025.3398438    u    82N    7.4    51.953    26.891    9.772    4.483    32    24.351    1.463    1.784    3.475    0.112    5.45    1.47    SDSS    
OBS: 54029.2695312    g    82N    32.0    18.528    28.47    0.003    4.253    0    23.66    0.527    1.606    3.446    0.111    4.36    4.05    SDSS    
OBS: 54029.2695312    r    82N    167.41    32.281    28.26    0.003    4.252    0    21.935    0.206    1.646    3.518    0.135    6.58    4.725    SDSS    
OBS: 54029.2695312    i    82N    223.05    48.859    27.925    0.007    12.992    0    21.622    0.233    1.586    3.67    0.088    8.46    4.64    SDSS    
OBS: 54029.2695312    z    82N    200.1    168.203    26.632    0.024    4.698    0    21.622    0.687    1.489    3.694    0.064    9.21    3.48    SDSS    
OBS: 54029.2695312    u    82N    19.1    50.83    27.954    0.06    4.483    1192    23.942    1.297    1.731    3.532    0.147    5.74    1.47    SDSS    
OBS: 54031.2539062    g    82N    48.6    13.81    28.482    0.005    4.253    0    23.248    0.286    1.003    2.278    0.087    4.4    4.05    SDSS    
OBS: 54031.2539062    r    82N    141.95    23.305    28.268    0.002    4.252    0    22.112    0.175    1.169    3.027    0.033    6.58    4.725    SDSS    
OBS: 54031.2539062    i    82N    218.52    37.711    27.929    0.006    12.992    0    21.644    0.184    1.006    2.654    0.042    8.41    4.64    SDSS    
OBS: 54031.2539062    z    82N    -108.54    110.201    26.616    0.051    4.698    0    23.565    0.618    0.956    2.504    0.051    8.76    3.48    SDSS    
OBS: 54031.2539062    u    82N    24.18    43.547    27.9    0.038    4.483    32    23.786    1.087    1.057    2.316    0.092    6.11    1.47    SDSS    
OBS: 54036.2617188    g    82N    23.96    20.554    28.466    0.005    4.253    0    23.923    0.696    1.699    3.419    0.206    4.2    4.05    SDSS    
OBS: 54036.2617188    r    82N    84.71    31.793    28.254    0.006    4.252    32    22.659    0.384    1.771    3.756    0.146    6.02    4.725    SDSS    
OBS: 54036.2617188    i    82N    185.68    47.522    27.935    0.006    12.992    0    21.818    0.27    1.67    3.712    0.135    7.12    4.64    SDSS    
OBS: 54036.2617188    z    82N    204.02    141.939    26.626    0.021    4.698    0    21.605    0.583    1.555    3.728    0.093    7.15    3.48    SDSS    
OBS: 54036.2617188    u    82N    18.14    59.66    27.617    0.019    4.483    40    23.973    1.46    1.78    3.63    0.252    5.06    1.47    SDSS    
OBS: 54039.2578125    g    82N    -28.6    28.627    28.45    0.004    4.253    1    26.464    0.835    1.113    2.287    0.121    10.14    4.05    SDSS    
OBS: 54039.2578125    r    82N    98.09    30.003    28.245    0.004    4.252    129    22.505    0.318    1.27    3.369    0.027    9.09    4.725    SDSS    
OBS: 54039.2578125    i    82N    158.23    40.309    27.921    0.004    12.992    0    21.988    0.267    1.156    2.962    0.037    8.88    4.64    SDSS    
OBS: 54039.2578125    z    82N    132.23    108.837    26.652    0.032    4.698    0    21.954    0.569    1.049    2.721    0.049    8.11    3.48    SDSS    
OBS: 54039.2578125    u    82N    43.48    74.928    27.666    0.061    4.483    129    23.306    1.266    1.175    2.395    0.102    9.25    1.47    SDSS    
OBS: 54048.25    g    82N    -10.11    29.147    28.459    0.009    4.253    129    25.696    1.243    1.119    2.369    0.146    10.43    4.05    SDSS    
OBS: 54048.25    r    82N    48.98    28.486    28.238    0.004    4.252    1    23.215    0.544    1.14    2.744    0.05    8.41    4.725    SDSS    
OBS: 54048.25    i    82N    114.84    38.773    27.907    0.004    12.992    0    22.324    0.344    1.115    2.785    0.045    8.07    4.64    SDSS    
OBS: 54048.25    z    82N    136.46    110.609    26.61    0.02    4.698    0    21.931    0.57    0.981    2.484    0.068    6.82    3.48    SDSS    
OBS: 54048.25    u    82N    127.91    67.839    27.69    0.029    4.483    1153    22.22    0.54    1.118    2.283    0.121    10.58    1.47    SDSS    
OBS: 54052.2539062    g    82N    51.94    26.613    28.419    0.003    4.253    2    23.18    0.507    1.977    3.618    0.128    4.19    4.05    SDSS    
OBS: 54052.2539062    i    82N    125.95    75.711    27.891    0.004    12.992    34    22.228    0.597    2.189    3.991    0.478    8.02    4.64    SDSS    
OBS: 54052.2539062    z    82N    220.95    295.883    26.629    0.013    4.698    42    21.534    1.041    2.105    3.873    0.391    9.24    3.48    SDSS    
OBS: 54052.2539062    u    82N    90.7    156.198    27.511    0.132    4.483    32    22.581    1.382    1.803    3.775    0.128    4.51    1.47    SDSS    
OBS: 54054.2734375    g    82N    5.96    24.339    28.388    0.002    4.253    34    24.761    1.16    2.038    3.441    0.244    4.31    4.05    SDSS    
OBS: 54054.2734375    r    82N    88.26    36.182    28.199    0.003    4.252    34    22.616    0.419    2.067    3.545    0.411    5.81    4.725    SDSS    
OBS: 54054.2734375    i    82N    71.29    66.218    27.892    0.003    12.992    34    22.804    0.82    2.045    3.685    0.375    7.02    4.64    SDSS    
OBS: 54054.2734375    z    82N    -37.2    166.856    26.641    0.022    4.698    2    23.097    1.027    1.972    3.771    0.222    7.54    3.48    SDSS    
OBS: 54054.2734375    u    82N    106.03    83.948    27.408    0.016    4.483    170    22.418    0.766    2.171    3.629    0.244    4.9    1.47    SDSS    
OBS: 54055.25    g    82N    33.62    15.88    28.432    0.004    4.253    0    23.613    0.44    1.291    2.523    0.134    4.3    4.05    SDSS    
OBS: 54055.25    r    82N    40.87    24.019    28.228    0.004    4.252    0    23.388    0.529    1.374    3.344    0.036    5.39    4.725    SDSS    
OBS: 54055.25    i    82N    114.18    36.951    27.908    0.002    12.992    0    22.33    0.33    1.332    3.321    0.041    7.03    4.64    SDSS    
OBS: 54055.25    z    82N    233.44    109.881    26.63    0.019    4.698    0    21.484    0.421    1.134    2.562    0.095    7.12    3.48    SDSS    
OBS: 54055.25    u    82N    -1.97    41.538    27.487    0.102    4.483    0    24.711    1.285    1.466    3.183    0.054    5.07    1.47    SDSS    
OBS: 54058.25    g    82N    1.83    15.24    28.401    0.008    4.253    0    25.004    0.831    1.452    3.295    0.066    4.28    4.05    SDSS    
OBS: 54058.25    r    82N    13.21    27.399    28.219    0.004    4.252    32    24.231    0.957    1.551    3.702    0.054    6.05    4.725    SDSS    
OBS: 54058.25    i    82N    73.3    46.593    27.9    0.005    12.992    0    22.777    0.59    1.473    3.631    0.053    7.69    4.64    SDSS    
OBS: 54058.25    z    82N    -48.98    127.582    26.586    0.018    4.698    0    23.18    0.811    1.342    3.48    0.047    8.29    3.48    SDSS    
OBS: 54058.25    u    82N    86.59    53.57    27.508    0.037    4.483    0    22.629    0.607    1.578    3.257    0.085    4.83    1.47    SDSS    
OBS: 54060.2734375    g    82N    19.18    17.397    28.377    0.004    4.253    0    24.108    0.674    1.518    3.2    0.09    4.24    4.05    SDSS    
OBS: 54060.2734375    r    82N    24.7    28.388    28.208    0.003    4.252    32    23.823    0.816    1.526    3.45    0.049    6.04    4.725    SDSS    
OBS: 54060.2734375    i    82N    123.32    39.279    27.894    0.003    12.992    0    22.25    0.327    1.304    3.366    0.036    7.66    4.64    SDSS    
OBS: 54060.2734375    z    82N    150.9    166.735    26.648    0.027    4.698    0    21.855    0.786    1.331    3.546    0.042    7.85    3.48    SDSS    
OBS: 54060.2734375    u    82N    -3.84    45.265    27.404    0.021    4.483    8    24.783    1.357    1.543    3.139    0.092    4.78    1.47    SDSS    
OBS: 54063.2382812    g    82N    19.23    15.307    28.406    0.004    4.253    8    24.106    0.6    1.189    2.446    0.137    4.19    4.05    SDSS    
OBS: 54063.2382812    r    82N    89.71    25.188    28.218    0.004    4.252    0    22.599    0.291    1.364    3.322    0.042    6.26    4.725    SDSS    
OBS: 54063.2382812    i    82N    93.76    43.533    27.892    0.004    12.992    0    22.532    0.457    1.172    2.881    0.055    8.77    4.64    SDSS    
OBS: 54063.2382812    z    82N    107.33    131.772    26.638    0.025    4.698    0    22.096    0.727    1.026    2.561    0.072    9.75    3.48    SDSS    
OBS: 54063.2382812    u    82N    4.55    41.329    27.496    0.034    4.483    32    24.459    1.271    1.393    2.956    0.069    4.81    1.47    SDSS    
END_PHOTOMETRY: