5.397432031250000000e+04 2.374686484732535519e-02 3.906149886910614127e-02
5.397449850482204056e+04 2.868522050383148780e-02 3.872954730963509146e-02
5.397467669714408839e+04 3.370374338531689773e-02 3.856361656364432067e-02
5.397485488946612895e+04 3.880259434394162099e-02 3.855746328322806615e-02
5.397503308178817679e+04 4.398190657126122005e-02 3.870281286485938860e-02
5.397521127411021735e+04 4.924178480386132151e-02 3.898969855098467774e-02
5.397538946643226518e+04 5.458230452586576575e-02 3.940687346955000503e-02
5.397556765875430574e+04 6.000351116170321575e-02 3.994224967987804187e-02
5.397574585107635357e+04 6.550541926677055926e-02 4.058332211671176332e-02
5.397592404339839413e+04 7.108801170922163237e-02 4.131754537482078271e-02
5.397610223572044197e+04 7.675123885044854433e-02 4.213264396362031289e-02
5.397628042804248253e+04 8.249501771793177340e-02 4.301684876310409716e-02
5.397645862036453036e+04 8.831923117789131084e-02 4.395906190202684277e-02
5.397663681268657092e+04 9.422372710110948901e-02 4.494895841368923978e-02
5.397681500500861875e+04 1.002083175304022689e-01 4.597703604669974714e-02
5.397699319733065931e+04 1.062727778422711822e-01 4.703462524575229009e-02
5.397717138965270715e+04 1.124168459117314001e-01 4.811387043482031473e-02
5.397734958197474771e+04 1.186402212729902317e-01 4.920769206110230110e-02
5.397752777429679554e+04 1.249425642848365214e-01 5.030973693444271838e-02
5.397770596661883610e+04 1.313234952936852551e-01 5.141432254627444770e-02
5.397788415894088394e+04 1.377825938034362707e-01 5.251637944956954324e-02
5.397806235126292449e+04 1.443193976444874238e-01 5.361139447934137880e-02
5.397824054358497233e+04 1.509334021521766545e-01 5.469535659468900690e-02
5.397841873590701289e+04 1.576240593463040796e-01 5.576470638225988763e-02
5.397859692822906072e+04 1.643907771223780401e-01 5.681628974040094093e-02
5.397877512055110128e+04 1.712329184467620280e-01 5.784731590242819799e-02
5.397895331287314912e+04 1.781498005655919314e-01 5.885531972729349942e-02
5.397913150519518967e+04 1.851406942206068607e-01 5.983812804009080305e-02
5.397930969751723751e+04 1.922048228816350957e-01 6.079382972738824747e-02
5.397948788983927807e+04 1.993413619885160415e-01 6.172074925213132807e-02
5.397966608216132590e+04 2.065494382133010731e-01 6.261742324729806242e-02
5.397984427448336646e+04 2.138281287345762394e-01 6.348257985289233740e-02
5.398002246680541430e+04 2.211764605355099889e-01 6.431512048307097551e-02
5.398020065912745486e+04 2.285934097175328361e-01 6.511410373295667409e-02
5.398037885144949541e+04 2.360779008409323865e-01 6.587873116341336210e-02
5.398055704377154325e+04 2.436288062863738446e-01 6.660833472820930357e-02
5.398073523609358381e+04 2.512449456425969174e-01 6.730236563524573390e-02
5.398091342841563164e+04 2.589250851251350127e-01 6.796038445794133631e-02
5.398109162073767220e+04 2.666679370203723920e-01 6.858205233465050621e-02
5.398126981305972004e+04 2.744721591665566507e-01 6.916712311564583715e-02
5.398144800538176059e+04 2.823363544639221345e-01 6.971543633326728051e-02
5.398162619770380843e+04 2.902590704261527321e-01 7.022691088902761891e-02
5.398180439002584899e+04 2.982387987650554351e-01 7.070153936326037392e-02
5.398198258234789682e+04 3.062739750209857448e-01 7.113938286710552727e-02
5.398216077466993738e+04 3.143629782308394738e-01 7.154056636563484173e-02
5.398233896699198522e+04 3.225041306464646595e-01 7.190527441175835477e-02
5.398251715931402578e+04 3.306956974948178640e-01 7.223374723728590019e-02
5.398269535163607361e+04 3.389358867933083275e-01 7.252627715572217137e-02
5.398287354395811417e+04 3.472228492113842435e-01 7.278320523652638541e-02
5.398305173628016200e+04 3.555546779918046241e-01 7.300491821667974557e-02
5.398322992860220256e+04 3.639294089228002349e-01 7.319184561939771905e-02
5.398340812092425040e+04 3.723450203743183806e-01 7.334445705419444239e-02
5.398358631324629096e+04 3.807994333897468664e-01 7.346325967599455498e-02
5.398376450556833879e+04 3.892905118463545477e-01 7.354879578370787652e-02
5.398394269789037935e+04 3.978160626751900963e-01 7.360164054180601267e-02
5.398412089021242718e+04 4.063738361544508848e-01 7.362239981037042857e-02
5.398429908253446774e+04 4.149615262664241300e-01 7.361170807129008287e-02
5.398447727485651558e+04 4.235767711317066642e-01 7.357022644003929912e-02
5.398465546717855614e+04 4.322171535117078633e-01 7.349864075394810237e-02
5.398483365950060397e+04 4.408802013917707541e-01 7.339765972928616322e-02
5.398501185182264453e+04 4.495633886362853104e-01 7.326801318068518198e-02
5.398519004414469237e+04 4.582641357284700234e-01 7.311045029745882884e-02
5.398536823646673292e+04 4.669798105850517800e-01 7.292573797208279363e-02
5.398554642878878076e+04 4.757077294590885685e-01 7.271465917736853746e-02
5.398572462111082132e+04 4.844451579204758218e-01 7.247801138906927176e-02
5.398590281343286915e+04 4.931893119273524917e-01 7.221660505140539699e-02
5.398608100575490971e+04 5.019373589779476674e-01 7.193126208380522246e-02
5.398625919807695027e+04 5.106864193547835384e-01 7.162281442709725332e-02
5.398643739039899810e+04 5.194335674535324188e-01 7.129210262820376287e-02
5.398661558272103866e+04 5.281758332007058243e-01 7.093997446257288564e-02
5.398679377504308650e+04 5.369102035641901693e-01 7.056728359362980652e-02
5.398697196736512706e+04 5.456336241483157323e-01 7.017488826922761713e-02
5.398715015968717489e+04 5.543430008847138879e-01 6.976365005463684710e-02
5.398732835200921545e+04 5.630352018073025988e-01 6.933443260244867568e-02
5.398750654433126329e+04 5.717070589233017586e-01 6.888810045906017254e-02
5.398768473665330384e+04 5.803553701677941490e-01 6.842551790828861613e-02
5.398786292897535168e+04 5.889769014532149072e-01 6.794754785183940160e-02
5.398804112129739224e+04 5.975683888014771128e-01 6.745505072722748907e-02
5.398821931361944007e+04 6.061265405690434704e-01 6.694888346274106838e-02
5.398839750594148063e+04 6.146480397525664330e-01 6.642989846991896596e-02
5.398857569826352847e+04 6.231295463849022553e-01 6.589894267303818276e-02
5.398875389058556902e+04 6.315677000087589477e-01 6.535685657589511421e-02
5.398893208290761686e+04 6.399591222372862376e-01 6.480447336488957821e-02
5.398911027522965742e+04 6.483004193880788080e-01 6.424261804853881319e-02
5.398928846755170525e+04 6.565881851999790797e-01 6.367210663219873001e-02
5.398946665987374581e+04 6.648190036186463203e-01 6.309374532764391863e-02
5.398964485219579365e+04 6.729894516591485853e-01 6.250832979573406334e-02
5.398982304451783421e+04 6.810961023319919150e-01 6.191664442172532118e-02
5.399000123683988204e+04 6.891355276397064245e-01 6.131946162086605173e-02
5.399017942916192260e+04 6.971043016303184459e-01 6.071754117348655139e-02
5.399035762148397043e+04 7.049990035142030820e-01 6.011162958670732831e-02
5.399053581380601099e+04 7.128162208303336911e-01 5.950245948178182337e-02
5.399071400612805883e+04 7.205525526677689641e-01 5.889074900383725608e-02
5.399089219845009939e+04 7.282046129282448987e-01 5.827720125239255894e-02
5.399107039077214722e+04 7.357690336352149529e-01 5.766250372960440851e-02
5.399124858309418778e+04 7.432424682745306654e-01 5.704732780416824078e-02
5.399142677541623561e+04 7.506215951722765567e-01 5.643232818766390213e-02
5.399160496773827617e+04 7.579031208939426278e-01 5.581814242140782645e-02
5.399178316006032401e+04 7.650837836704695860e-01 5.520539037035417096e-02
5.399196135238236457e+04 7.721603568353145874e-01 5.459467372253962864e-02
5.399213954470440513e+04 7.791296522764881161e-01 5.398657549074144246e-02
5.399231773702645296e+04 7.859885238906159088e-01 5.338165951499187351e-02
5.399249592934849352e+04 7.927338710358426965e-01 5.278046996384490319e-02
5.399267412167054135e+04 7.993626419805721639e-01 5.218353083258405606e-02
5.399285231399258191e+04 8.058718373352604658e-01 5.159134543799819006e-02
5.399303050631462975e+04 8.122585134688904418e-01 5.100439590842317794e-02
5.399320869863667031e+04 8.185197858963704221e-01 5.042314266968855180e-02
5.399338689095871814e+04 8.246528326378523843e-01 4.984802392703989449e-02
5.399356508328075870e+04 8.306548975365046772e-01 4.927945514487270390e-02
5.399374327560280653e+04 8.365232935354782740e-01 4.871782852574679801e-02
5.399392146792484709e+04 8.422554059005307181e-01 4.816351249228781328e-02
5.399409966024689493e+04 8.478486953892598876e-01 4.761685117470507850e-02
5.399427785256893549e+04 8.533007013534472662e-01 4.707816390941586132e-02
5.399445604489098332e+04 8.586090447749228360e-01 4.654774475331928396e-02
5.399463423721302388e+04 8.637714312223607749e-01 4.602586202045267499e-02
5.399481242953507171e+04 8.687856537291764880e-01 4.551275784765328181e-02
5.399499062185711227e+04 8.736495955800478441e-01 4.500864779728754733e-02
5.399516881417916011e+04 8.783612330064443086e-01 4.451372050508356493e-02
5.399534700650120067e+04 8.829186377789000062e-01 4.402813738244557018e-02
5.399552519882324850e+04 8.873199796970254738e-01 4.355203238215792083e-02
5.399570339114528906e+04 8.915635289647880768e-01 4.308551183791959477e-02
5.399588158346733690e+04 8.956476584525390194e-01 4.262865438665719431e-02
5.399605977578937745e+04 8.995708458341198366e-01 4.218151098454022557e-02
5.399623796811142529e+04 9.033316756001994463e-01 4.174410502522461763e-02
5.399641616043346585e+04 9.069288409371267790e-01 4.131643257051612755e-02
5.399659435275551368e+04 9.103611454727698060e-01 4.089846270138793732e-02
5.399677254507755424e+04 9.136275048791659970e-01 4.049013799737398445e-02
5.399695073739960208e+04 9.167269483335473979e-01 4.009137515109099242e-02
5.399712892972164263e+04 9.196586198291853975e-01 3.970206572337969114e-02
5.399730712204369047e+04 9.224217793367017748e-01 3.932207704314482494e-02
5.399748531436573103e+04 9.250158038091882418e-01 3.895125325479443373e-02
5.399766350668777886e+04 9.274401880315892299e-01 3.858941651381714300e-02
5.399784169900981942e+04 9.296945453088341083e-01 3.823636833045084699e-02
5.399801989133186726e+04 9.317786079934222698e-01 3.789189105809104979e-02
5.399819808365390782e+04 9.336922278479349302e-01 3.755574952296742569e-02
5.399837627597594837e+04 9.354353762436105058e-01 3.722769278842293084e-02
5.399855446829799621e+04 9.370081441916155995e-01 3.690745604622647225e-02
5.399873266062003677e+04 9.384107422076866101e-01 3.659476262554186426e-02
5.399891085294208460e+04 9.396435000096943213e-01 3.628932610839540746e-02
5.399908904526412516e+04 9.407068660469022348e-01 3.599085253945935592e-02
5.399926723758617300e+04 9.416014068631000100e-01 3.569904271636859666e-02
5.399944542990821355e+04 9.423278062925888321e-01 3.541359454638792759e-02
5.399962362223026139e+04 9.428868644914061292e-01 3.513420545323093364e-02
5.399980181455230195e+04 9.432794968043651807e-01 3.486057481868634622e-02
5.399998000687434978e+04 9.435067324702686165e-01 3.459240644160069267e-02
5.400015819919639034e+04 9.435697131671716420e-01 3.432941099783091282e-02
5.400033639151843818e+04 9.434696914003666279e-01 3.407130848354199271e-02
5.400051458384047874e+04 9.432080287358530768e-01 3.381783062493867731e-02
5.400069277616252657e+04 9.427861938824406707e-01 3.356872323694531923e-02
5.400087096848456713e+04 9.422057606265141771e-01 3.332374851430382895e-02
5.400104916080661496e+04 9.414684056222597519e-01 3.308268723767138902e-02
5.400122735312865552e+04 9.405759060430156637e-01 3.284534087903140387e-02
5.400140554545070336e+04 9.395301370965469800e-01 3.261153358953776393e-02
5.400158373777274392e+04 9.383330694105964653e-01 3.238111405422076233e-02
5.400176193009479175e+04 9.369867662922857221e-01 3.215395719800973745e-02
5.400194012241683231e+04 9.354933808681380469e-01 3.192996572749787210e-02
5.400211831473888014e+04 9.338551531085741431e-01 3.170907149344591447e-02
5.400229650706092070e+04 9.320744067444692860e-01 3.149123665910240344e-02
5.400247469938296854e+04 9.301535460798291410e-01 3.127645465936373242e-02
5.400265289170500910e+04 9.280950527089260049e-01 3.106475093650096914e-02
5.400283108402705693e+04 9.259014821416542418e-01 3.085618343754805912e-02
5.400300927634909749e+04 9.235754603465764490e-01 3.065084285949663812e-02
5.400318746867114533e+04 9.211196802153267527e-01 3.044885262791827835e-02
5.400336566099318588e+04 9.185368979578996118e-01 3.025036859613768059e-02
5.400354385331523372e+04 9.158299294331300189e-01 3.005557845113540974e-02
5.400372204563727428e+04 9.130016464242132201e-01 2.986470081496148468e-02
5.400390023795932211e+04 9.100549728628166690e-01 2.967798403042467073e-02
5.400407843028136267e+04 9.069928810129681551e-01 2.949570462171408405e-02
5.400425662260340323e+04 9.038183876176972831e-01 2.931816542329214112e-02
5.400443481492545106e+04 9.005345500188894903e-01 2.914569337143827626e-02
5.400461300724749162e+04 8.971444622563282678e-01 2.897863695825684746e-02
5.400479119956953946e+04 8.936512511512759716e-01 2.881736334964688992e-02
5.400496939189158002e+04 8.900580723857984822e-01 2.866225517435917747e-02
5.400514758421362785e+04 8.863681065798800773e-01 2.851370699649737050e-02
5.400532577653566841e+04 8.825845553781235253e-01 2.837212148902215625e-02
5.400550396885771625e+04 8.787106375482380827e-01 2.823790533272515363e-02
5.400568216117975680e+04 8.747495851029185587e-01 2.811146487172126382e-02
5.400586035350180464e+04 8.707046394464512673e-01 2.799320156361806769e-02
5.400603854582384520e+04 8.665790475581900409e-01 2.788350727017689656e-02
5.400621673814589303e+04 8.623760582135702180e-01 2.778275944051249516e-02
5.400639493046793359e+04 8.580989182542424487e-01 2.769131624634544112e-02
5.400657312278998143e+04 8.537508689081789726e-01 2.760951173415671436e-02
5.400675131511202198e+04 8.493351421706947235e-01 2.753765106381213246e-02
5.400692950743406982e+04 8.448549572465609003e-01 2.747600590668327486e-02
5.400710769975611038e+04 8.403135170644588925e-01 2.742481007778698951e-02
5.400728589207815821e+04 8.357140048626945372e-01 2.738425547606260918e-02
5.400746408440019877e+04 8.310595808576763943e-01 2.735448840426437864e-02
5.400764227672224661e+04 8.263533789931898355e-01 2.733560633529731609e-02
5.400782046904428717e+04 8.215985037813808844e-01 2.732765518498518620e-02
5.400799866136633500e+04 8.167980272335810810e-01 2.733062714211775129e-02
5.400817685368837556e+04 8.119549858908641227e-01 2.734445909602004759e-02
5.400835504601042339e+04 8.070723779518829133e-01 2.736903168974024261e-02
5.400853323833246395e+04 8.021531605078564553e-01 2.740416901429316293e-02
5.400871143065451179e+04 7.972002468812746656e-01 2.744963894481170300e-02
5.400888962297655235e+04 7.922165040778779144e-01 2.750515410769304933e-02
5.400906781529860018e+04 7.872047503477546115e-01 2.757037345349641969e-02
5.400924600762064074e+04 7.821677528649075839e-01 2.764490439951042267e-02
5.400942419994268857e+04 7.771082255201875455e-01 2.772830549541265011e-02
5.400960239226472913e+04 7.720288268366886086e-01 2.782008955725121316e-02
5.400978058458677697e+04 7.669321580018717555e-01 2.791972720821163378e-02
5.400995877690881753e+04 7.618207610249569939e-01 2.802665076084067883e-02
5.401013696923085809e+04 7.566971170137861691e-01 2.814025837282090742e-02
5.401031516155290592e+04 7.515636445771534113e-01 2.825991840862650956e-02
5.401049335387494648e+04 7.464226983512958213e-01 2.838497394070748150e-02
5.401067154619699431e+04 7.412765676483701327e-01 2.851474732731632336e-02
5.401084973851903487e+04 7.361274752326281146e-01 2.864854480812814227e-02
5.401102793084108271e+04 7.309775762171284441e-01 2.878566106508005304e-02
5.401120612316312327e+04 7.258289570874225660e-01 2.892538370043346713e-02
5.401138431548517110e+04 7.206836348453009577e-01 2.906699759227738059e-02
5.401156250780721166e+04 7.155435562774883351e-01 2.920978909239207999e-02
5.401174070012925949e+04 7.104105973425234311e-01 2.935305003908039376e-02
5.401191889245130005e+04 7.052865626804987187e-01 2.949608156271491671e-02
5.401209708477334789e+04 7.001731852378725307e-01 2.963819766790683208e-02
5.401227527709538845e+04 6.950721260122563194e-01 2.977872858060674754e-02
5.401245346941743628e+04 6.899849739087713374e-01 2.991702385392846705e-02
5.401263166173947684e+04 6.849132457122237838e-01 3.005245522865492014e-02
5.401280985406152467e+04 6.798583861671190220e-01 3.018441924933722847e-02
5.401298804638356523e+04 6.748217681687833647e-01 3.031233963838802017e-02
5.401316623870561307e+04 6.698046930574506064e-01 3.043566943260693838e-02
5.401334443102765363e+04 6.648083910184752199e-01 3.055389288896396410e-02
5.401352262334970146e+04 6.598340215802807052e-01 3.066652716663812936e-02
5.401370081567174202e+04 6.548826742127502598e-01 3.077312379328507944e-02
5.401387900799378986e+04 6.499553690174835197e-01 3.087326992445841092e-02
5.401405720031583041e+04 6.450530575126123267e-01 3.096658940440614668e-02
5.401423539263787825e+04 6.401766235031089991e-01 3.105274363672235263e-02
5.401441358495991881e+04 6.353268840394505901e-01 3.113143227332742027e-02
5.401459177728196664e+04 6.305045904550894420e-01 3.120239372938531791e-02
5.401476996960400720e+04 6.257104294854087811e-01 3.126540553164813829e-02
5.401494816192605504e+04 6.209450244589476142e-01 3.132028450687789761e-02
5.401512635424809559e+04 6.162089365630265547e-01 3.136688681666794515e-02
5.401530454657014343e+04 6.115026661743954151e-01 3.140510784440764952e-02
5.401548273889218399e+04 6.068266542573326205e-01 3.143488193923500706e-02
5.401566093121423182e+04 6.021812838194904316e-01 3.145618202164938287e-02
5.401583912353627238e+04 5.975668814277597107e-01 3.146901905462205773e-02
5.401601731585831294e+04 5.929837187749171790e-01 3.147344138392183660e-02
5.401619550818036078e+04 5.884320142975596468e-01 3.146953395072513149e-02
5.401637370050240133e+04 5.839119348404864240e-01 3.145741737897717050e-02
5.401655189282444917e+04 5.794235973609502821e-01 3.143724694028215971e-02
5.401673008514648973e+04 5.749670706748304383e-01 3.140921139869250894e-02
5.401690827746853756e+04 5.705423772343749533e-01 3.137353173679494067e-02
5.401708646979057812e+04 5.661494949402197108e-01 3.133045976623061862e-02
5.401726466211262596e+04 5.617883589780277021e-01 3.128027662383039281e-02
5.401744285443466651e+04 5.574588636819584053e-01 3.122329115640700911e-02
5.401762104675671435e+04 5.531608644154601961e-01 3.115983819617146669e-02
5.401779923907875491e+04 5.488941794716879485e-01 3.109027673004290809e-02
5.401797743140080274e+04 5.446585919843727197e-01 3.101498796618445963e-02
5.401815562372284330e+04 5.404538518509554024e-01 3.093437330174863414e-02
5.401833381604489114e+04 5.362796776595644133e-01 3.084885219653995397e-02
5.401851200836693170e+04 5.321357586210808677e-01 3.075885995818374713e-02
5.401869020068897953e+04 5.280217564985321133e-01 3.066484544528135306e-02
5.401886839301102009e+04 5.239373075350783893e-01 3.056726869635168972e-02
5.401904658533306792e+04 5.198820243724568968e-01 3.046659849306131845e-02
5.401922477765510848e+04 5.158554979619722758e-01 3.036330986789979175e-02
5.401940296997715632e+04 5.118572994596704007e-01 3.025788156801408404e-02
5.401958116229919688e+04 5.078869821078058067e-01 3.015079348712247295e-02
5.401975935462124471e+04 5.039440830947583549e-01 3.004252408100743441e-02
5.401993754694328527e+04 5.000281253953957616e-01 2.993354778091174284e-02
5.402011573926533310e+04 4.961386195841441804e-01 2.982433242257621561e-02
5.402029393158737366e+04 4.922750656232750543e-01 2.971533670903023922e-02
5.402047212390942150e+04 4.884369546184217370e-01 2.960700772619466112e-02
5.402065031623146206e+04 4.846237705442817401e-01 2.949977853198821123e-02
5.402082850855350989e+04 4.808349919327312705e-01 2.939406583963778338e-02
5.402100670087555045e+04 4.770700935261515951e-01 2.929026781661504125e-02
5.402118489319759829e+04 4.733285478888262787e-01 2.918876202092313132e-02
5.402136308551963884e+04 4.696098269790454083e-01 2.908990349561580216e-02
5.402154127784168668e+04 4.659134036752732300e-01 2.899402304215834350e-02
5.402171947016372724e+04 4.622387532589939951e-01 2.890142569213597495e-02
5.402189766248576780e+04 4.585853548479406072e-01 2.881238939476983216e-02
5.402207585480781563e+04 4.549526927815961130e-01 2.872716393648383146e-02
5.402225404712985619e+04 4.513402579562466599e-01 2.864597010557137780e-02
5.402243223945190402e+04 4.477475491057347767e-01 2.856899911285931681e-02
5.402261043177394458e+04 4.441740740313449010e-01 2.849641227578496999e-02
5.402278862409599242e+04 4.406193507740709947e-01 2.842834097020886797e-02
5.402296681641803298e+04 4.370829087331244978e-01 2.836488685044549415e-02
5.402314500874008081e+04 4.335642897250266969e-01 2.830612233464907188e-02
5.402332320106212137e+04 4.300630489867813822e-01 2.825209134909215450e-02
5.402350139338416921e+04 4.265787561178058240e-01 2.820281032080150171e-02
5.402367958570620976e+04 4.231109959644285823e-01 2.815826940538171397e-02
5.402385777802825760e+04 4.196593694417956044e-01 2.811843393310392916e-02
5.402403597035029816e+04 4.162234942970357565e-01 2.808324605394190224e-02
5.402421416267234599e+04 4.128030058093727916e-01 2.805262655979089137e-02
5.402439235499438655e+04 4.093975574303527765e-01 2.802647685988159457e-02
5.402457054731643439e+04 4.060068213607905818e-01 2.800468108461978689e-02
5.402474873963847494e+04 4.026304890679099913e-01 2.798710829111933363e-02
5.402492693196052278e+04 3.992682717385989122e-01 2.797361474456259642e-02
5.402510512428256334e+04 3.959199006735758530e-01 2.796404624803281933e-02
5.402528331660461117e+04 3.925851276178988769e-01 2.795824049532141461e-02
5.402546150892665173e+04 3.892637250332526833e-01 2.795602942105945496e-02
5.402563970124869957e+04 3.859554863074947662e-01 2.795724152433823675e-02
5.402581789357074013e+04 3.826602259066191891e-01 2.796170414330601678e-02
5.402599608589278796e+04 3.793777794659476399e-01 2.796924565970885374e-02
5.402617427821482852e+04 3.761080038249602353e-01 2.797969761489765839e-02
5.402635247053687635e+04 3.728507770030944357e-01 2.799289672007649818e-02
5.402653066285891691e+04 3.696059981212513890e-01 2.800868674636537714e-02
5.402670885518096475e+04 3.663735872662599036e-01 2.802692028182829018e-02
5.402688704750300531e+04 3.631534853036200161e-01 2.804746034480080571e-02
5.402706523982505314e+04 3.599456536355489789e-01 2.807018184511467576e-02
5.402724343214709370e+04 3.567500739100992746e-01 2.809497288627504918e-02
5.402742162446914153e+04 3.535667476785206986e-01 2.812173590354985486e-02
5.402759981679118209e+04 3.503956960068350668e-01 2.815038863476002767e-02
5.402777800911322265e+04 3.472369590388026950e-01 2.818086492161360826e-02
5.402795620143527049e+04 3.440905955159365703e-01 2.821311534120833978e-02
5.402813439375731105e+04 3.409566822545713194e-01 2.824710766797180334e-02
5.402831258607935888e+04 3.378353135805980401e-01 2.828282716790357296e-02
5.402849077840139944e+04 3.347266007276203936e-01 2.832027672751226410e-02
5.402866897072344727e+04 3.316306711958247888e-01 2.835947682074629883e-02
5.402884716304548783e+04 3.285476680781869163e-01 2.840046531806549382e-02
5.402902535536753567e+04 3.254777493521459064e-01 2.844329714218879132e-02
5.402920354768957623e+04 3.224210871427928282e-01 2.848804377594210333e-02
5.402938174001162406e+04 3.193778669556976979e-01 2.853479262784538312e-02
5.402955993233366462e+04 3.163482868862033115e-01 2.858364626177987283e-02
5.402973812465571245e+04 3.133325568029547981e-01 2.863472149760637464e-02
5.402991631697775301e+04 3.103308975121095159e-01 2.868814838983676022e-02
5.403009450929980085e+04 3.073435399012893754e-01 2.874406909221753625e-02
5.403027270162184141e+04 3.043707240684199178e-01 2.880263661647273349e-02
5.403045089394388924e+04 3.014126984355200989e-01 2.886401349382381951e-02
5.403062908626592980e+04 2.984697188522744682e-01 2.892837034880961153e-02
5.403080727858797763e+04 2.955420476890751047e-01 2.899588439488856584e-02
5.403098547091001819e+04 2.926299529254166032e-01 2.906673786239592772e-02
5.403116366323206603e+04 2.897337072322301310e-01 2.914111636959768395e-02
5.403134185555410659e+04 2.868535870545372291e-01 2.921920724825047624e-02
5.403152004787615442e+04 2.839898716932225398e-01 2.930119783536860867e-02
5.403169824019819498e+04 2.811428423917305963e-01 2.938727374365439002e-02
5.403187643252024282e+04 2.783127814267132294e-01 2.947761712290056235e-02
5.403205462484228337e+04 2.754999712085393071e-01 2.957240492549518401e-02
5.403223281716433121e+04 2.727046933904233583e-01 2.967180718899238914e-02
5.403241100948637177e+04 2.699272279920563733e-01 2.977598534862262517e-02
5.403258920180841960e+04 2.671678525362537471e-01 2.988509059308199628e-02
5.403276739413046016e+04 2.644268412046670846e-01 2.999926227613848237e-02
5.403294558645250800e+04 2.617044640111672038e-01 3.011862639641011904e-02
5.403312377877454855e+04 2.590009859979787166e-01 3.024329415742989940e-02
5.403330197109659639e+04 2.563166664539124895e-01 3.037336061879445520e-02
5.403348016341863695e+04 2.536517581595489901e-01 3.050890344899784973e-02
5.403365835574067751e+04 2.510065066578945903e-01 3.064998178912599694e-02
5.403383654806272534e+04 2.483811495555983129e-01 3.079663523551967944e-02
5.403401474038476590e+04 2.457759158545158584e-01 3.094888294853385957e-02
5.403419293270681374e+04 2.431910253149638379e-01 3.110672289294789949e-02
5.403437112502885429e+04 2.406266878544585097e-01 3.127013121400493839e-02
5.403454931735090213e+04 2.380831029801129262e-01 3.143906175235060968e-02
5.403472750967294269e+04 2.355604592596876046e-01 3.161344569878250105e-02
5.403490570199499052e+04 2.330589338290494084e-01 3.179319138890599611e-02
5.403508389431703108e+04 2.305786919403445268e-01 3.197818423625063688e-02
5.403526208663907892e+04 2.281198865491091965e-01 3.216828680103692162e-02
5.403544027896111947e+04 2.256826579441124636e-01 3.236333899054640723e-02
5.403561847128316731e+04 2.232671334176927758e-01 3.256315838607073271e-02
5.403579666360520787e+04 2.208734269807521855e-01 3.276754069034121253e-02
5.403597485592725570e+04 2.185016391195375718e-01 3.297626028842062101e-02
5.403615304824929626e+04 2.161518565979108075e-01 3.318907091464275844e-02
5.403633124057134410e+04 2.138241523029833502e-01 3.340570641730794543e-02
5.403650943289338466e+04 2.115185851364458358e-01 3.362588161257451524e-02
5.403668762521543249e+04 2.092351999497878978e-01 3.384929321903945576e-02
5.403686581753747305e+04 2.069740275260230078e-01 3.407562086365787529e-02
5.403704400985952088e+04 2.047350846046214201e-01 3.430452815070637873e-02
5.403722220218156144e+04 2.025183739532891991e-01 3.453566378454393099e-02
5.403740039450360928e+04 2.003238844826711329e-01 3.476866273814176178e-02
5.403757858682564984e+04 1.981515914067628614e-01 3.500314745879913592e-02
5.403775677914769767e+04 1.960014564460124120e-01 3.523872910362998295e-02
5.403793497146973823e+04 1.938734280749017103e-01 3.547500879711244087e-02
5.403811316379178606e+04 1.917674418108461509e-01 3.571157890430395887e-02
5.403829135611382662e+04 1.896834205466078060e-01 3.594802431267560966e-02
5.403846954843587446e+04 1.876212749219661191e-01 3.618392371749536152e-02
5.403864774075791502e+04 1.855809037371756176e-01 3.641885090475442677e-02
5.403882593307996285e+04 1.835621944042458153e-01 3.665237602727015181e-02
5.403900412540200341e+04 1.815650234370167482e-01 3.688406686916987504e-02
5.403918231772405125e+04 1.795892569771382341e-01 3.711349009541950461e-02
5.403936051004609180e+04 1.776347513565639247e-01 3.734021248236430585e-02
5.403953870236813964e+04 1.757013536929576958e-01 3.756380212669898494e-02
5.403971689469018020e+04 1.737889025187229208e-01 3.778382962983009574e-02
5.403989508701222076e+04 1.718972284403932349e-01 3.799986925573376612e-02
5.404007327933426859e+04 1.700261548277737234e-01 3.821150005972544228e-02
5.404025147165630915e+04 1.681754985314611872e-01 3.841830698679807310e-02
5.404042966397835698e+04 1.663450706252760369e-01 3.861988193793999130e-02
5.404060785630039754e+04 1.645346771745153092e-01 3.881582480285469122e-02
5.404078604862244538e+04 1.627441200252732756e-01 3.900574445820282482e-02
5.404096424094448594e+04 1.609731976157249278e-01 3.918925973030853993e-02
5.404114243326653377e+04 1.592217058048888134e-01 3.936600032133637239e-02
5.404132062558857433e+04 1.574894387192458112e-01 3.953560769825380239e-02
5.404149881791062217e+04 1.557761896128937451e-01 3.969773594405590772e-02
5.404167701023266272e+04 1.540817517414510007e-01 3.985205257023470560e-02
5.404185520255471056e+04 1.524059192455453626e-01 3.999823929050403543e-02
5.404203339487675112e+04 1.507484880434617480e-01 4.013599275459555499e-02
5.404221158719879895e+04 1.491092567294316495e-01 4.026502524232254687e-02
5.404238977952083951e+04 1.474880274767471633e-01 4.038506531708912356e-02
5.404256797184288735e+04 1.458846069418058278e-01 4.049585843833958254e-02
5.404274616416492790e+04 1.442988071691075902e-01 4.059716753274738438e-02
5.404292435648697574e+04 1.427304464922727334e-01 4.068877352382330170e-02
5.404310254880901630e+04 1.411793504318410442e-01 4.077047581903120443e-02
5.404328074113106413e+04 1.396453525846297339e-01 4.084209275462008515e-02
5.404345893345310469e+04 1.381282955052753891e-01 4.090346199736849542e-02
5.404363712577515253e+04 1.366280315749364149e-01 4.095444090290541184e-02
5.404381531809719309e+04 1.351444238577030887e-01 4.099490683016863285e-02
5.404399351041924092e+04 1.336773469396845826e-01 4.102475741176676155e-02
5.404417170274128148e+04 1.322266877515403394e-01 4.104391077933272625e-02
5.404434989506332931e+04 1.307923463691977872e-01 4.105230574387495890e-02
5.404452808738536987e+04 1.293742367933674586e-01 4.104990193035339130e-02
5.404470627970741771e+04 1.279722877035283091e-01 4.103667986595395389e-02
5.404488447202945827e+04 1.265864431858929606e-01 4.101264102177012982e-02
5.404506266435150610e+04 1.252166634320062144e-01 4.097780780691667735e-02
5.404524085667354666e+04 1.238629254069891772e-01 4.093222351489027300e-02
5.404541904899559449e+04 1.225252234842955090e-01 4.087595222126354927e-02
5.404559724131763505e+04 1.212035700465108334e-01 4.080907863230194554e-02
5.404577543363967561e+04 1.198979960483654850e-01 4.073170788347304366e-02
5.404595362596172345e+04 1.186085515419392777e-01 4.064396528762933419e-02
5.404613181828376401e+04 1.173353061612303350e-01 4.054599603169906086e-02
5.404631001060581184e+04 1.160783495641979357e-01 4.043796482143573179e-02
5.404648820292785240e+04 1.148377918314551493e-01 4.032005547338332607e-02
5.404666639524990023e+04 1.136137638191456745e-01 4.019247045336422908e-02
5.404684458757194079e+04 1.124064174649532788e-01 4.005543036076038288e-02
5.404702277989398863e+04 1.112159260455101162e-01 3.990917335790385850e-02
5.404720097221602919e+04 1.100424843843370581e-01 3.975395454413234442e-02
5.404737916453807702e+04 1.088863090080351981e-01 3.959004527370133669e-02
5.404755735686011758e+04 1.077476382509416908e-01 3.941773241749837314e-02
5.404773554918216541e+04 1.066267323054219673e-01 3.923731756804244020e-02
5.404791374150420597e+04 1.055238732188499284e-01 3.904911618794613959e-02
5.404809193382625381e+04 1.044393648343628911e-01 3.885345670175035376e-02
5.404827012614829437e+04 1.033735326761515694e-01 3.865067953205442164e-02
5.404844831847034220e+04 1.023267237777076843e-01 3.844113608034465529e-02
5.404862651079238276e+04 1.012993064532707876e-01 3.822518765413971537e-02
5.404880470311443059e+04 1.002916700109608428e-01 3.800320434193188435e-02
5.404898289543647115e+04 9.930422440879738133e-02 3.777556383849760974e-02
5.404916108775851899e+04 9.833739985197809119e-02 3.754265022327432644e-02
5.404933928008055955e+04 9.739164633256081061e-02 3.730485269589473712e-02
5.404951747240260738e+04 9.646743311093075590e-02 3.706256427284577992e-02
5.404969566472464794e+04 9.556524814003353185e-02 3.681618045110903598e-02
5.404987385704669578e+04 9.468559743170601450e-02 3.656609784509098904e-02
5.405005204936873633e+04 9.382900436733621063e-02 3.631271280414628128e-02
5.405023024169078417e+04 9.299600895166548753e-02 3.605642001946733621e-02
5.405040843401282473e+04 9.218716701236218114e-02 3.579761113041118881e-02
5.405058662633487256e+04 9.140304934507526013e-02 3.553667334095981373e-02
5.405076481865691312e+04 9.064424080622046631e-02 3.527398805942739274e-02
5.405094301097896096e+04 8.991133935379735931e-02 3.500992957487716883e-02
5.405112120330100151e+04 8.920495503897285516e-02 3.474486378603054010e-02
5.405129939562304935e+04 8.852570894867284323e-02 3.447914699900752472e-02
5.405147758794508991e+04 8.787423210260669748e-02 3.421312481257569871e-02
5.405165578026713047e+04 8.725116430509416432e-02 3.394713110997733818e-02
5.405183397258917830e+04 8.665715295511233762e-02 3.368148717862659569e-02
5.405201216491121886e+04 8.609285181622539085e-02 3.341650097927235247e-02
5.405219035723326670e+04 8.555891974856422166e-02 3.315246658800571206e-02
5.405236854955530725e+04 8.505601940643003900e-02 3.288966383489799750e-02
5.405254674187735509e+04 8.458481590275113149e-02 3.262835816391319865e-02
5.405272493419939565e+04 8.414597544488344738e-02 3.236880073950439834e-02
5.405290312652144348e+04 8.374016394305527911e-02 3.211122882490697467e-02
5.405308131884348404e+04 8.336804559597510433e-02 3.185586645797312821e-02
5.405325951116553188e+04 8.303028145559920858e-02 3.160292544925334679e-02
5.405343770348757243e+04 8.272752797542182179e-02 3.135260672725148634e-02
5.405361589580962027e+04 8.246043554447624047e-02 3.110510205415599472e-02
5.405379408813166083e+04 8.222964701173651747e-02 3.086059613480479635e-02
5.405397228045370866e+04 8.203579620364109815e-02 3.061926913916395571e-02
5.405415047277574922e+04 8.187950643842611953e-02 3.038129965790976883e-02
5.405432866509779706e+04 8.176138904120477946e-02 3.014686810667007930e-02
5.405450685741983762e+04 8.168204186354444118e-02 2.991616059314216799e-02
5.405468504974188545e+04 8.164204781067496697e-02 2.968937325697819721e-02
5.405486324206392601e+04 8.164197338088285960e-02 2.946671708826777147e-02
5.405504143438597384e+04 8.168236722023891616e-02 2.924842322625295643e-02
5.405521962670801440e+04 8.176375869673080388e-02 2.903474873365198550e-02
5.405539781903006224e+04 8.188665649741722063e-02 2.882598283518479285e-02
5.405557601135210280e+04 8.205154725230556778e-02 2.862245360103104000e-02
5.405575420367415063e+04 8.225889418890375282e-02 2.842453504589652347e-02
5.405593239599619119e+04 8.250913582043040151e-02 2.823265460289724540e-02
5.405611058831823902e+04 8.280268467197515747e-02 2.804730091747742460e-02
5.405628878064027958e+04 8.313992604747966197e-02 2.786903189002056663e-02
5.405646697296232742e+04 8.352121684139035551e-02 2.769848287700689068e-02
5.405664516528436798e+04 8.394688439769737442e-02 2.753637493747794485e-02
5.405682335760641581e+04 8.441722542021068421e-02 2.738352298644338226e-02
5.405700154992845637e+04 8.493250493625481568e-02 2.724084368827776187e-02
5.405717974225050421e+04 8.549295531758360767e-02 2.710936289155863738e-02
5.405735793457254476e+04 8.609877536039789447e-02 2.699022237399037460e-02
5.405753612689458532e+04 8.675012942761384238e-02 2.688468563221222893e-02
5.405771431921663316e+04 8.744714665560593403e-02 2.679414241948601880e-02
5.405789251153867372e+04 8.818992022727911717e-02 2.672011170655953435e-02
5.405807070386072155e+04 8.897850671440465931e-02 2.666424272108085941e-02
5.405824889618276211e+04 8.981292548974550982e-02 2.662831371392666846e-02
5.405842708850480994e+04 9.069315821211887396e-02 2.661422810926348040e-02
5.405860528082685050e+04 9.161914838418994123e-02 2.662400772792558254e-02
5.405878347314889834e+04 9.259080098578920115e-02 2.665978283094451104e-02
5.405896166547093890e+04 9.360798218241228597e-02 2.672377881859597931e-02
5.405913985779298673e+04 9.467051911050816670e-02 2.681829953972269392e-02
5.405931805011502729e+04 9.577819973958412447e-02 2.694570731547130810e-02
5.405949624243707513e+04 9.693077281220041641e-02 2.710839995402600580e-02
5.405967443475911568e+04 9.812794786034118033e-02 2.730878521924266430e-02
5.405985262708116352e+04 9.936939530042110391e-02 2.754925340293628080e-02
5.406003081940320408e+04 1.006547466038441030e-01 2.783214881647785507e-02
5.406020901172525191e+04 1.019835945450253689e-01 2.815974114981468698e-02
5.406038720404729247e+04 1.033554935240204031e-01 2.853419772064035714e-02
5.406056539636934031e+04 1.047699599642939461e-01 2.895755764529870172e-02
5.406074358869138086e+04 1.062264727829642652e-01 2.943170889584703284e-02
5.406092178101342870e+04 1.077244739337857027e-01 2.995836906836023619e-02
5.406109997333546926e+04 1.092633690190396578e-01 3.053907048622239023e-02
5.406127816565751709e+04 1.108425279707958566e-01 3.117515001763367447e-02
5.406145635797955765e+04 1.124612857975222369e-01 3.186774372245804177e-02
5.406163455030160549e+04 1.141189433954323817e-01 3.261778618592268281e-02
5.406181274262364605e+04 1.158147684206056738e-01 3.342601416725921731e-02
5.406199093494569388e+04 1.175479962213330509e-01 3.429297401060758116e-02
5.406216912726773444e+04 1.193178308255298248e-01 3.521903214017059469e-02
5.406234731958978227e+04 1.211234459832155608e-01 3.620438790053948086e-02
5.406252551191182283e+04 1.229639862582558862e-01 3.724908799493596712e-02
5.406270370423387067e+04 1.248385681688830573e-01 3.835304181789516570e-02
5.406288189655591123e+04 1.267462813717727954e-01 3.951603705482990836e-02
5.406306008887795906e+04 1.286861898881923594e-01 4.073775502224892542e-02
5.406323828119999962e+04 1.306573333670399961e-01 4.201778533129706117e-02
